subscale,id,score_after,score_before,total_hours_played_after,total_hours_played_before,hours_diff,score_diff
loneliness,1,7,5,35,10,-25,-2
loneliness,2,3,6,35,10,-25,3
loneliness,3,8,8,15,0,-15,0
loneliness,4,6,6,0,0,0,0
loneliness,5,5,4,30,22,-8,-1
loneliness,6,3,3,30,22,-8,0
loneliness,7,5,5,0,0,0,0
loneliness,8,3,4,15,15,0,1
loneliness,9,3,4,80,20,-60,1
loneliness,10,5,5,35,25,-10,0
loneliness,11,5,4,0,30,30,-1
loneliness,12,4,3,4,8,4,-1
loneliness,13,7,7,35,10,-25,0
loneliness,14,6,6,0,0,0,0
loneliness,15,7,6,15,0,-15,-1
loneliness,16,5,3,60,75,15,-2
loneliness,17,5,7,24,0,-24,2
loneliness,18,9,8,40,31,-9,-1
loneliness,19,3,3,64,40,-24,0
loneliness,20,3,3,112.00000000000001,0,-112.00000000000001,0
loneliness,21,4,5,41,15,-26,1
loneliness,22,7,4,35,15,-20,-3
loneliness,23,6,5,30,0,-30,-1
loneliness,24,3,3,28.999999999999996,14.000000000000002,-14.999999999999995,0
loneliness,25,3,3,0,0,0,0
loneliness,26,3,3,45,15,-30,0
loneliness,27,6,7,15.75,35,19.25,1
loneliness,28,9,5,0,0,0,-4
loneliness,29,9,7,121,60,-61,-2
loneliness,30,6,5,40,12,-28,-1
loneliness,31,6,6,35,35,0,0
loneliness,32,6,4,40,20,-20,-2
loneliness,33,7,5,18,6,-12,-2
loneliness,34,7,6,30,30,0,-1
loneliness,35,4,3,10,10,0,-1
loneliness,36,6,4,70,30,-40,-2
loneliness,37,3,3,21,0,-21,0
loneliness,38,4,3,9,15,6,-1
loneliness,39,7,6,32,0,-32,-1
loneliness,40,5,4,45,25,-20,-1
loneliness,41,3,3,0,0,0,0
loneliness,42,5,3,56.24,43.2,-13.04,-2
loneliness,43,8,8,7.000000000000001,4,-3.000000000000001,0
loneliness,44,8,7,8,5,-3,-1
loneliness,45,5,5,90,0,-90,0
loneliness,46,9,6,25,6,-19,-3
loneliness,47,7,4,40,48,8,-3
loneliness,48,4,3,0,50,50,-1
loneliness,49,9,8,30,21,-9,-1
loneliness,50,4,4,35,40,5,0
loneliness,51,6,6,20,15,-5,0
loneliness,52,5,5,15,2,-13,0
loneliness,53,3,3,0,0,0,0
loneliness,54,5,3,50,20,-30,-2
loneliness,55,6,3,14,8,-6,-3
loneliness,56,3,3,0,0,0,0
loneliness,57,3,3,22,20,-2,0
loneliness,58,9,9,14.000000000000002,6,-8.000000000000002,0
loneliness,59,9,8,45,30,-15,-1
loneliness,60,7,7,0,15,15,0
loneliness,61,9,9,0,0,0,0
loneliness,62,9,9,30,45,15,0
loneliness,63,6,7,0,15,15,1
loneliness,64,8,5,10,0,-10,-3
loneliness,65,5,6,30,14.000000000000002,-15.999999999999998,1
loneliness,66,6,6,15,5,-10,0
loneliness,67,9,3,0,0,0,-6
loneliness,68,6,6,40,8,-32,0
loneliness,69,6,4,34,25,-9,-2
loneliness,70,6,6,23,20,-3,0
loneliness,71,8,5,20,15,-5,-3
loneliness,72,9,9,45,15,-30,0
loneliness,73,3,4,75,30,-45,1
loneliness,74,6,6,20,6,-14,0
loneliness,75,5,3,21,8,-13,-2
loneliness,76,9,6,55,27.000000000000004,-27.999999999999996,-3
loneliness,77,4,3,8,2,-6,-1
loneliness,78,9,8,30,15,-15,-1
loneliness,79,6,6,10,10,0,0
loneliness,80,5,6,60.99999999999999,25,-35.99999999999999,1
loneliness,81,6,9,55,16,-39,3
loneliness,82,5,5,60,60,0,0
loneliness,83,3,3,20,7.000000000000001,-13,0
loneliness,84,3,4,32,14.000000000000002,-18,1
loneliness,85,4,3,0,28.000000000000004,28.000000000000004,-1
loneliness,86,3,3,30,12,-18,0
loneliness,87,6,4,0,0,0,-2
loneliness,88,6,4,0,0,0,-2
loneliness,89,6,3,5,12,7,-3
loneliness,90,7,3,20,10,-10,-4
loneliness,91,3,3,6,14.000000000000002,8.000000000000002,0
loneliness,92,8,6,89,60,-29,-2
loneliness,93,4,3,90,60,-30,-1
loneliness,94,7,4,12,8,-4,-3
loneliness,95,6,6,40,30,-10,0
loneliness,96,9,9,0,0,0,0
loneliness,97,9,6,45,35,-10,-3
loneliness,98,3,3,77,35,-42,0
loneliness,99,3,5,20,0,-20,2
loneliness,100,7,6,0,0,0,-1
loneliness,101,4,4,5,20,15,0
loneliness,102,3,3,10,10,0,0
loneliness,103,3,3,40,40,0,0
loneliness,104,6,6,0,43.199999999999996,43.199999999999996,0
loneliness,105,5,3,30,15,-15,-2
loneliness,106,3,3,0,15,15,0
loneliness,107,3,4,22,20,-2,1
loneliness,108,3,3,10,2,-8,0
loneliness,109,5,4,16,4,-12,-1
loneliness,110,8,4,30,0,-30,-4
loneliness,111,6,6,0,0,0,0
loneliness,112,7,3,10,0,-10,-4
loneliness,113,3,3,15,10,-5,0
loneliness,114,9,8,20,10,-10,-1
loneliness,115,5,7,50,35,-15,2
loneliness,116,8,8,16,5,-11,0
loneliness,117,4,5,50,36,-14,1
loneliness,118,6,6,0,0,0,0
loneliness,119,9,4,25,22,-3,-5
loneliness,120,8,4,40,35,-5,-4
loneliness,121,6,6,15,15,0,0
loneliness,122,4,5,30,0,-30,1
loneliness,123,7,5,7.000000000000001,0,-7.000000000000001,-2
loneliness,124,8,6,15,20,5,-2
loneliness,125,5,7,0,0,0,2
loneliness,126,3,3,70,60,-10,0
loneliness,127,4,4,10,8,-2,0
loneliness,128,9,9,20,40,20,0
loneliness,129,5,6,45,25,-20,1
loneliness,130,5,5,24,24,0,0
loneliness,131,6,7,21,15,-6,1
loneliness,132,7,9,50,40,-10,2
loneliness,133,9,6,10,0,-10,-3
loneliness,134,5,3,25,0,-25,-2
loneliness,135,6,4,30,0,-30,-2
loneliness,136,9,7,0,30,30,-2
loneliness,137,4,4,60,60,0,0
loneliness,138,5,3,30,13,-17,-2
loneliness,139,6,5,0,0,0,-1
loneliness,140,7,4,8,0,-8,-3
loneliness,141,7,7,15,10,-5,0
loneliness,142,3,3,0,0,0,0
loneliness,143,9,7,45,25,-20,-2
loneliness,144,5,4,22,10,-12,-1
loneliness,145,7,5,90,70,-20,-2
loneliness,146,7,3,0,0,0,-4
loneliness,147,5,7,0,0,0,2
loneliness,148,3,3,14.000000000000002,13,-1.0000000000000018,0
loneliness,149,7,7,90,60,-30,0
loneliness,150,3,3,0,45,45,0
loneliness,151,4,3,40,20,-20,-1
loneliness,152,6,7,0,11.999999999999998,11.999999999999998,1
loneliness,153,9,3,40,21,-19,-6
loneliness,154,7,6,28.000000000000004,12,-16.000000000000004,-1
loneliness,155,3,3,15,15,0,0
loneliness,156,8,5,40,15,-25,-3
loneliness,157,7,6,0,0,0,-1
loneliness,158,4,3,30,16,-14,-1
loneliness,159,6,6,31,27,-4,0
loneliness,160,5,5,28,42,14,0
loneliness,161,6,6,30,8,-22,0
loneliness,162,6,7,104,90,-14,1
loneliness,163,8,7,16,30,14,-1
loneliness,164,5,4,35,0,-35,-1
loneliness,165,3,3,10,8,-2,0
loneliness,166,6,7,43,30,-13,1
loneliness,167,9,9,0,15,15,0
loneliness,168,4,3,38,30,-8,-1
loneliness,169,8,3,65,49,-16,-5
loneliness,170,4,7,0,0,0,3
loneliness,171,4,4,10,2,-8,0
loneliness,172,3,3,0,0,0,0
loneliness,173,9,5,105,60,-45,-4
loneliness,174,9,9,50,0,-50,0
loneliness,175,6,6,55,5.999999999999999,-49,0
loneliness,176,7,7,45,8,-37,0
loneliness,177,9,9,30,25,-5,0
loneliness,178,4,4,0,0,0,0
loneliness,179,3,3,0,0,0,0
loneliness,180,7,3,60,20,-40,-4
loneliness,181,6,6,60,40,-20,0
loneliness,182,7,6,45,45,0,-1
loneliness,183,5,5,30,15,-15,0
loneliness,184,8,6,18,0,-18,-2
loneliness,185,4,3,20,14,-6,-1
loneliness,186,7,6,10,15,5,-1
loneliness,187,5,5,0,0,0,0
loneliness,188,9,9,46,30,-16,0
loneliness,189,5,6,12,5,-7,1
loneliness,190,9,6,40,10,-30,-3
loneliness,191,9,8,25,10,-15,-1
loneliness,192,6,3,35,25,-10,-3
loneliness,193,5,5,25,27,2,0
loneliness,194,3,4,24,12,-12,1
loneliness,195,3,4,0,0,0,1
loneliness,196,9,7,40,30,-10,-2
loneliness,197,7,5,28.000000000000004,0,-28.000000000000004,-2
loneliness,198,9,9,51,13,-38,0
loneliness,199,3,3,50,24,-26,0
loneliness,200,6,4,25,15,-10,-2
loneliness,201,4,4,10,8,-2,0
loneliness,202,6,5,35,11.999999999999998,-23,-1
loneliness,203,3,3,46,33,-13,0
loneliness,204,8,8,0,0,0,0
loneliness,205,4,3,13.5,3,-10.5,-1
loneliness,206,3,3,45,35,-10,0
loneliness,207,6,3,36,20,-16,-3
loneliness,208,6,6,6,11,5,0
loneliness,209,5,5,60,20,-40,0
loneliness,210,8,6,55,40,-15,-2
loneliness,211,9,7,26,7.000000000000001,-19,-2
loneliness,212,3,5,35,12,-23,2
loneliness,213,6,4,70,30,-40,-2
loneliness,214,7,6,80,40,-40,-1
loneliness,215,8,6,30,20,-10,-2
loneliness,216,6,4,38,30,-8,-2
loneliness,217,8,6,31,10,-21,-2
loneliness,218,8,8,0,30,30,0
loneliness,219,5,3,0,0,0,-2
loneliness,220,5,5,37,25,-12,0
loneliness,221,7,6,65,40,-25,-1
loneliness,222,3,4,55,25,-30,1
loneliness,223,8,7,22,13,-9,-1
loneliness,224,6,6,7,9,2,0
